(0, 0),2,3,3,0.0,[[1, 0]]
(1, 0),2,3,3,0.5859375,[[1, 0]]
(2, 0),2,3,3,1.171875,[[1, 0], [2, 0]]
(3, 0),2,3,3,2.34375,[[1, 0], [2, 0], [3, 0]]
(4, 0),2,3,3,4.6875,[[1, 0], [2, 0], [3, 0], [4, 0]]
(4, 1),2,3,3,9.375,[[1, 0], [2, 0], [3, 0], [4, 0], [4, 1]]
(4, 2),2,3,3,18.75,[[1, 0], [2, 0], [3, 0], [4, 0], [4, 1], [4, 2]]
(4, 3),2,3,3,37.5,[[1, 0], [2, 0], [3, 0], [4, 0], [4, 1], [4, 2], [4, 3]]
(3, 3),2,3,3,75.0,[[1, 0], [2, 0], [3, 0], [4, 0], [4, 1], [4, 2], [4, 3], [3, 3]]
(2, 3),2,3,3,150.0,[[1, 0], [2, 0], [3, 0], [4, 0], [4, 1], [4, 2], [4, 3], [3, 3], [2, 3]]
